10 11 12 13 14 15 16 17 18 19 
35 34 33 32 31 30 29 28 27 26 

23 24 
149 148 

37 38 39 40 41 
72 71 70 69 68 

42 43 44 45 46 47 
66 65 64 63 62 61 

54 55 56 57 58 59 
331 330 329 328 327 326 

75 76 77 78 79 
257 256 255 254 253 

86 87 88 89 
193 192 191 190 

90 91 
188 187 

95 96 97 98 99 100 
184 183 182 181 180 179 

106 107 108 
174 173 172 

110 111 112 113 
171 170 169 168 

115 116 117 
161 160 159 

120 121 122 123 124 125 126 127 128 
141 140 139 138 137 136 135 134 133 

144 145 
154 153 

194 195 
237 236 

199 200 201 202 
232 231 230 229 

206 207 208 209 210 211 212 213 214 
226 225 224 223 222 221 220 219 218 

243 244 245 246 247 
290 289 288 287 286 

259 260 261 262 263 264 265 
277 276 275 274 273 272 271 

297 298 299 300 301 
310 309 308 307 306 

311 312 313 314 315 316 317 
346 345 344 343 342 341 340 

323 324 325 
334 333 332 

348 349 350 351 352 353 354 355 
381 380 379 378 377 376 375 374 

359 360 361 362 
370 369 368 367 

