3 4 5 6 7 8 9 
525 524 523 522 521 520 519 

12 13 14 15 16 
43 42 41 40 39 

24 25 26 
36 35 34 

50 51 52 53 
154 153 152 151 

61 62 63 64 
149 148 147 146 

68 69 
97 96 

71 72 73 74 75 76 
94 93 92 91 90 89 

78 79 80 
87 86 85 

103 104 105 106 
126 125 124 123 

108 109 110 111 
121 120 119 118 

128 129 130 131 132 
145 144 143 142 141 

161 162 163 
503 502 501 

164 165 166 167 
498 497 496 495 

169 170 171 172 173 174 
491 490 489 488 487 486 

177 178 179 
484 483 482 

181 182 183 184 
477 476 475 474 

186 187 188 189 190 
316 315 314 313 312 

191 192 193 194 195 196 
310 309 308 307 306 305 

197 198 199 200 201 202 
273 272 271 270 269 268 

214 215 216 217 218 
256 255 254 253 252 

225 226 227 228 229 230 
243 242 241 240 239 238 

275 276 277 278 279 
338 337 336 335 334 

284 285 286 287 288 289 
299 298 297 296 295 294 

326 327 328 329 
380 379 378 377 

342 343 344 
457 456 455 

388 389 
408 407 

390 391 392 393 
405 404 403 402 

409 410 411 412 413 
471 470 469 468 467 

423 424 425 426 427 428 429 430 
465 464 463 462 461 460 459 458 

432 433 434 435 436 437 
453 452 451 450 449 448 

505 506 507 508 
518 517 516 515 

